#----------------------------------------------------------------------------------------------------------------------------------------------------------
# Output file for vampire simulation
#   time       : 2025-03-28 11:50:53     process id : 121330
#   hostname   : Jackson-ZBook
#   path       : /home/jross7/Desktop/VAMPIRE/Jackson/rutile
#   version    : 6.0.0
#   githash    : fc13d3a63d7ab6b4cca741a016879b78c578fc66
#----------------------------------------------------------------------------------------------------------------------------------------------------------
10         	0.985782   	0.00177687 	0.00285342 	0.999993   	0.984619   	0.00175068 	0.00287193 	0.999993   	0.98941    	0.0605999  	0.0321741  	0.000137998	0.000139047	1.70302e-19	-7.08424e-20	9.37829e-21	-3.7113e-15	
40         	0.942489   	-0.00387104	-0.00312895	0.999985   	0.93803    	-0.00387725	-0.00315109	0.999985   	0.9564     	0.0201422  	0.0110731  	0.00057945 	0.000572551	-9.42029e-20	-2.96109e-20	1.66525e-20	-3.61293e-15	
70         	0.898194   	-0.00440344	-0.00117761	0.999969   	0.89072    	-0.00443381	-0.00115977	0.999969   	0.921511   	0.0301524  	0.0964381  	0.000671507	0.000666717	-1.27723e-19	2.01666e-19	-4.26616e-20	-3.51342e-15	
100        	0.852898   	0.00180376 	0.00917579 	0.999944   	0.842697   	0.00180772 	0.00900151 	0.999945   	0.884726   	0.0380487  	0.0106136  	0.000845545	0.000838682	2.05827e-19	-1.88982e-19	-1.853e-19 	-3.41213e-15	
130        	0.803965   	-0.000441516	-0.00838613	0.999906   	0.79136    	-0.00041017	-0.00855055	0.999903   	0.843294   	0.0280318  	0.131758   	0.00192061 	0.00193826 	-3.47156e-19	2.7665e-20 	4.76862e-20	-3.30901e-15	
160        	0.753454   	-0.00215979	-0.00742006	0.999938   	0.738743   	-0.00217329	-0.00740097	0.999938   	0.799351   	0.0289191  	0.0326455  	0.00340319 	0.00329857 	-3.58517e-19	7.97972e-20	-4.58966e-21	-3.20342e-15	
190        	0.698339   	-0.00637361	-0.00720249	0.999924   	0.681949   	-0.0064331 	-0.0071811 	0.999924   	0.749477   	0.0263614  	0.0146624  	0.00323026 	0.00316395 	-2.65358e-19	2.67471e-19	1.82343e-19	-3.09412e-15	
220        	0.636106   	0.00498082 	-0.00375721	0.999924   	0.618542   	0.00507227 	-0.00381415	0.999922   	0.690905   	0.0351088  	0.0211626  	0.00356604 	0.00358055 	7.12533e-20	1.84618e-19	-2.29483e-19	-2.98036e-15	
250        	0.559871   	-0.0107267 	-0.0210238 	0.999644   	0.541956   	-0.0109381 	-0.0210507 	0.999641   	0.615768   	0.0292141  	0.0234799  	0.00531198 	0.00561401 	-1.67218e-19	4.72778e-19	1.00934e-19	-2.858e-15 	
280        	0.445501   	0.0428791  	-0.00545817	0.998859   	0.429138   	0.0430537  	-0.00543085	0.998847   	0.496554   	0.0634835  	0.0153446  	0.0127286  	0.0122392  	-4.45579e-19	-4.5304e-19	-1.59155e-19	-2.71939e-15	
310        	0.198207   	-0.0392735 	0.0977552  	0.993427   	0.190001   	-0.0393842 	0.0980804  	0.993356   	0.223814   	0.0451426  	0.0211492  	0.329937   	0.327288   	4.7582e-20 	5.62324e-20	-3.89511e-19	-2.55582e-15	
340        	0.0100766  	0.258529   	0.177623   	0.386019   	0.00964192 	0.234862   	0.185651   	0.393514   	0.0116122  	0.00921269 	0.0333849  	0.0234362  	0.0118312  	-1.7349e-19	-3.17964e-19	-4.28079e-19	-2.42389e-15	
370        	0.011075   	-0.446784  	-0.097211  	0.270831   	0.0105676  	-0.438632  	-0.0982212 	0.26323    	0.0128088  	0.00472346 	0.0301789  	0.0365011  	0.00787342 	-4.47094e-19	-4.55887e-20	-1.97505e-19	-2.31511e-15	
400        	0.00753644 	0.36972    	0.225261   	-0.0255453 	0.00722316 	0.376046   	0.216358   	-0.0314146 	0.00877455 	0.0131399  	0.0104162  	0.0107739  	0.00649429 	5.64987e-19	-1.31276e-19	4.77381e-19	-2.21533e-15	
430        	0.00595332 	-0.00902932	-0.0802914 	-0.265465  	0.0057298  	-0.0190397 	-0.0655302 	-0.232901  	0.00702237 	0.00844326 	0.00890807 	0.00723831 	0.00419159 	1.94936e-19	9.07911e-20	-1.94491e-19	-2.1228e-15	
