#----------------------------------------------------------------------------------------------------------------------------------------------------------
# Output file for vampire simulation
#   time       : 2025-03-27 12:55:53     process id : 16174
#   hostname   : Jackson-ZBook
#   path       : /home/jross7/Desktop/VAMPIRE/Jackson/rutile
#   version    : 6.0.0
#   githash    : fc13d3a63d7ab6b4cca741a016879b78c578fc66
#----------------------------------------------------------------------------------------------------------------------------------------------------------
10         	0.99226    	0.00441288 	-0.00135853	0.999985   	0.992721   	0.0044122  	-0.0013693 	0.999985   	0.990861   	0.0376214  	0.0131403  	3.51971e-05	3.38863e-05	-2.72237e-20	-7.05768e-20	-1.98262e-21	-7.37061e-16	
40         	0.96847    	-0.00373107	-0.000454333	0.999955   	0.97031    	-0.00386984	-0.000547258	0.999953   	0.962883   	0.0768765  	0.0372273  	0.000108778	0.000111483	-5.86264e-20	-8.67456e-21	-1.96076e-20	-7.14935e-16	
70         	0.943677   	0.00409841 	-0.00152169	0.999964   	0.946861   	0.00394017 	-0.00147129	0.999963   	0.934009   	0.0244273  	0.0187643  	0.000258908	0.000265588	-3.65726e-20	8.43289e-21	2.6148e-21 	-6.92434e-16	
100        	0.918474   	-0.00885962	-0.00216845	0.999857   	0.923029   	-0.0086306 	-0.00197495	0.999856   	0.904642   	0.0168302  	0.0932057  	0.000535877	0.000484788	-4.18563e-20	-8.19021e-20	1.8984e-20 	-6.69527e-16	
130        	0.890894   	-0.0111488 	-0.00415469	0.999868   	0.896764   	-0.0110356 	-0.00416128	0.999866   	0.87307    	0.0208164  	0.0273962  	0.000388633	0.0003727  	-1.01782e-19	8.1757e-20 	-4.44484e-20	-6.46022e-16	
160        	0.861817   	0.0135227  	-0.00544876	0.999702   	0.868997   	0.013558   	-0.00526942	0.999702   	0.840017   	0.054848   	0.0592049  	0.000669366	0.000774629	-5.75484e-20	2.15685e-20	-2.55778e-20	-6.22084e-16	
190        	0.833128   	0.0206912  	-0.024744  	0.999244   	0.841577   	0.0209454  	-0.0250538 	0.999221   	0.807474   	0.0668318  	0.0440862  	0.000716423	0.000667416	-1.1165e-19	-1.55464e-19	5.49548e-20	-5.97514e-16	
220        	0.800388   	-0.051544  	-0.0180023 	0.998288   	0.810068   	-0.0518201 	-0.0180106 	0.998269   	0.770996   	0.0325068  	0.0490958  	0.00104535 	0.000681321	-4.08661e-20	2.28846e-19	-1.22185e-20	-5.7212e-16	
250        	0.767914   	-0.011425  	-0.00537772	0.999267   	0.778773   	-0.0114655 	-0.00536982	0.999263   	0.734943   	0.176787   	0.0209762  	0.00195832 	0.00179973 	-9.09577e-20	8.87718e-20	-1.14419e-19	-5.46019e-16	
280        	0.729442   	0.0307306  	0.0437976  	0.997883   	0.741485   	0.0308671  	0.0441683  	0.997847   	0.692878   	0.0998071  	0.0678189  	0.00155165 	0.00189772 	4.22768e-20	-1.46068e-19	8.10371e-21	-5.18354e-16	
310        	0.688845   	0.0637837  	0.0332341  	0.996787   	0.701843   	0.0639752  	0.0331594  	0.99676    	0.649381   	0.0200073  	0.101675   	0.00312243 	0.00245512 	1.81298e-19	1.84144e-20	1.02826e-19	-4.8932e-16	
340        	0.64329    	0.0464329  	0.00409052 	0.997331   	0.657147   	0.0463667  	0.00432742 	0.997285   	0.601219   	0.0465249  	0.201823   	0.00223834 	0.00206557 	6.23788e-20	8.48825e-20	-1.2225e-19	-4.58644e-16	
370        	0.581309   	-0.0428387 	-0.0218185 	0.99801    	0.595396   	-0.0421294 	-0.0217858 	0.998042   	0.538541   	0.0623441  	0.0340826  	0.00641497 	0.0059034  	1.19042e-19	5.64265e-20	-2.88084e-19	-4.24967e-16	
400        	0.510621   	-0.0661427 	-0.0536753 	0.994068   	0.52458    	-0.0659172 	-0.0538994 	0.994048   	0.468244   	0.133653   	0.0561879  	0.00593182 	0.00458884 	3.52737e-20	3.52396e-19	8.45947e-20	-3.88145e-16	
430        	0.399916   	0.0454409  	-0.00723855	0.996032   	0.412084   	0.0464501  	-0.00845956	0.995882   	0.362985   	0.0487836  	0.0907047  	0.00781494 	0.00818407 	6.09945e-20	9.41157e-20	1.73084e-19	-3.45326e-16	
460        	0.137066   	-0.141063  	-0.210636  	0.945112   	0.141656   	-0.139852  	-0.207819  	0.945154   	0.123206   	0.0165304  	0.080467   	0.0775722  	0.0650934  	4.04398e-20	3.25186e-20	-3.14816e-19	-2.94699e-16	
490        	0.02253    	0.096271   	-0.0898976 	0.093697   	0.023387   	0.108921   	-0.104197  	0.0854956  	0.0205659  	0.0340476  	0.0281821  	0.0152195  	0.0113658  	2.608e-21  	-1.73713e-19	5.59314e-20	-2.61447e-16	
520        	0.0178322  	0.044267   	0.0840999  	0.065528   	0.0185713  	0.0440842  	0.0573     	0.0679309  	0.0164594  	0.0166079  	0.016399   	0.0136458  	0.00766568 	1.03321e-19	8.96503e-20	-9.43242e-20	-2.38062e-16	
550        	0.0131346  	-0.218202  	0.0854781  	0.0208726  	0.0137037  	-0.208722  	0.0885387  	0.0290136  	0.0126013  	0.00642459 	0.00637312 	0.00940174 	0.00359944 	1.88683e-19	1.64187e-19	5.88836e-20	-2.18622e-16	
580        	0.0124277  	-0.140597  	0.19966    	-0.017852  	0.013031   	-0.125058  	0.196777   	-0.0263676 	0.0119086  	0.00559656 	0.00520384 	0.00783477 	0.00300482 	-4.41709e-20	-1.01622e-19	-6.23718e-20	-2.02461e-16	
