#----------------------------------------------------------------------------------------------------------------------------------------------------------
# Output file for vampire simulation
#   time       : 2025-04-01 09:01:21     process id : 472617
#   hostname   : Jackson-ZBook
#   path       : /home/jross7/Desktop/VAMPIRE/Jackson/rutile
#   version    : 6.0.0
#   githash    : 8c5e6d86238ed484ac5826f6f302dc514a030985
#----------------------------------------------------------------------------------------------------------------------------------------------------------
10         	0.999778   	0.000168338	7.75198e-05	1          	0.999759   	0.000168472	7.98505e-05	1          	0.999835   	0.00110643 	0.000332226	2.57256e-08	2.46986e-08	10.0015    	10.0009    	-2.35141e-15	-1.39116e-15	
40         	0.995551   	-0.000219569	-0.000593291	0.999999   	0.995184   	-0.000219482	-0.000603544	0.999999   	0.996694   	0.00976386 	0.00304935 	1.64976e-06	1.68802e-06	40.0068    	40.0056    	-2.3467e-15	-1.38625e-15	
70         	0.985079   	0.00080216 	-4.82463e-05	0.999996   	0.983865   	0.000804133	-5.10355e-05	0.999996   	0.988867   	0.00870977 	0.0201149  	1.11362e-05	1.10722e-05	69.9912    	69.993     	-2.33502e-15	-1.37409e-15	
100        	0.967646   	0.00319711 	-0.00247871	0.99999    	0.965062   	0.00321567 	-0.00249388	0.99999    	0.97571    	0.0060568  	0.00281613 	4.591e-05  	4.53364e-05	99.9813    	99.9881    	-2.31557e-15	-1.35394e-15	
130        	0.942712   	0.00306677 	-0.000880472	0.99999    	0.938273   	0.00309029 	-0.000945147	0.99999    	0.956563   	0.0111965  	0.00601508 	0.000185879	0.000181172	129.968    	129.987    	-2.28771e-15	-1.32533e-15	
160        	0.909553   	-0.00104481	0.000719614	0.99999    	0.902828   	-0.00104247	0.000761145	0.99999    	0.930534   	0.0176577  	0.00814201 	0.000430233	0.000436334	159.954    	159.977    	-2.25077e-15	-1.28773e-15	
190        	0.867202   	0.00513046 	-0.00760703	0.999945   	0.857848   	0.0051232  	-0.00760057	0.999945   	0.896386   	0.00892476 	0.0185016  	0.000941224	0.000906324	189.928    	189.969    	-2.20403e-15	-1.24049e-15	
220        	0.813735   	0.00472642 	-0.00691281	0.999946   	0.801547   	0.00469449 	-0.00688952	0.999946   	0.851762   	0.00708425 	0.0242711  	0.0011497  	0.00116391 	219.892    	219.906    	-2.14659e-15	-1.18293e-15	
250        	0.747606   	-0.00172013	-0.00740476	0.999949   	0.732653   	-0.00183428	-0.00741039	0.999948   	0.794259   	0.0160159  	0.0109877  	0.00191564 	0.00190329 	249.841    	249.899    	-2.07728e-15	-1.11373e-15	
280        	0.659813   	0.00151695 	-0.0202205 	0.999722   	0.642624   	0.00168563 	-0.0202349 	0.99972    	0.713441   	0.0333388  	0.02745    	0.00279168 	0.00276944 	279.751    	279.883    	-1.99384e-15	-1.02991e-15	
310        	0.528403   	0.0204879  	-0.0192824 	0.999488   	0.510667   	0.0208119  	-0.0192513 	0.999481   	0.583742   	0.0231158  	0.0330201  	0.00648273 	0.00604796 	309.674    	309.786    	-1.89127e-15	-9.2289e-16	
340        	0.124511   	0.00172991 	0.094842   	0.994096   	0.119253   	0.0016261  	0.0951905  	0.99403    	0.140926   	0.0174606  	0.0264446  	0.545323   	0.557871   	339.534    	339.6      	-1.75455e-15	-7.65079e-16	
370        	0.00900827 	0.323592   	-0.163073  	0.0959588  	0.00862918 	0.323616   	-0.164054  	0.0948231  	0.010387   	0.0141666  	0.0300879  	0.0115748  	0.00793735 	368.845    	369.091    	-1.64891e-15	-6.65446e-16	
