pos_x 	 pos_y 	 pos_z 	 m_x 	 m_y 	 m_z 	 spin_acc_x 	 spin_acc_y 	 spin_acc_z 	 jup_x 	 jup_y 	 jup_z 	 jdown_x 	 jdown_y 	 jdown_z 	 ast_x 	 ast_y 	 ast_z 	 nast_x 	 nast_y 	 nast_z 	 torque_x 	 torque_y 	 torque_z 	 num_atom
0	0	0	0	0	0	0.5609811208	-118968.7103826858	-0.5609806065	0.000000	0.000000	0.000000	-818142.967435	220000000.000000	0.000010	818142.967435	-220000000.000000	-0.000010	0.000000	0.000000	-0.000000	-0.000000	-0.000000	0.000000	0.000000	0.000000	0.000000	-0.013218	-0.000000	0.013218	49.000000
0.000000	0.000000	1.000000	-0.707107	-0.707107	0.000000	-10465180.5164657403	-10465177.0525214132	-0.0589315104	-0.000000	-0.000000	0.000000	1527430.608765	-21189653.421121	267232.459519	1527430.608765	-21189653.421121	267232.459519	0.000000	0.000000	-0.000000	0.000000	0.000000	-0.000000	0.000000	-0.000000	-0.000000	0.000000	-0.000000	0.000000	36.000000
0.000000	0.000000	2.000000	0.707107	0.707107	0.000000	10465180.5164657403	10465177.0525214132	-0.0589315104	0.000000	0.000000	0.000000	-1527430.608765	21189653.421121	267232.459519	-1527430.608765	21189653.421121	267232.459519	0.000000	0.000000	-0.000000	0.000000	-0.000000	0.000000	0.000000	0.000000	0.000000	-0.000000	-0.000000	0.000000	49.000000
0.000000	0.000000	3.000000	0.000000	0.000000	0.000000	-0.3839242451	118970.7103826774	0.6942630861	0.000000	0.000000	0.000000	786222.243410	220000000.000000	-226301.787735	-786222.243410	-220000000.000000	226301.787735	0.000000	0.000000	-0.000000	-0.000000	-0.000000	0.000000	0.000000	0.000000	-0.000000	0.013218	0.000000	0.013218	36.000000
0.000000	0.000000	4.000000	-0.707107	-0.707107	0.000000	-10465180.5164657403	-10465177.0525214132	-0.0589315104	-0.000000	-0.000000	0.000000	1527430.608765	-21189653.421121	267232.459545	1527430.608765	-21189653.421121	267232.459545	0.000000	0.000000	-0.000000	0.000000	0.000000	-0.000000	0.000000	-0.000000	-0.000000	0.000000	-0.000000	0.000000	49.000000
0.000000	0.000000	5.000000	0.707107	0.707107	0.000000	10465180.5164657403	10465177.0525214132	-0.0589315104	0.000000	0.000000	0.000000	-1527430.608765	21189653.421121	267232.459545	-1527430.608765	21189653.421121	267232.459545	0.000000	0.000000	-0.000000	0.000000	-0.000000	0.000000	0.000000	0.000000	0.000000	-0.000000	-0.000000	0.000000	36.000000
0.000000	0.000000	6.000000	0.000000	0.000000	0.000000	0.5609811208	-118968.7103826858	-0.5609806065	0.000000	0.000000	0.000000	-818142.967435	220000000.000000	0.000010	818142.967435	-220000000.000000	-0.000010	0.000000	0.000000	-0.000000	-0.000000	-0.000000	0.000000	0.000000	0.000000	0.000000	-0.013218	-0.000000	0.013218	49.000000
0.000000	0.000000	7.000000	-0.707107	-0.707107	0.000000	-10465180.5164657403	-10465177.0525214132	-0.0589315104	-0.000000	-0.000000	0.000000	1527430.608765	-21189653.421121	267232.459519	1527430.608765	-21189653.421121	267232.459519	0.000000	0.000000	-0.000000	0.000000	0.000000	-0.000000	0.000000	-0.000000	-0.000000	0.000000	-0.000000	0.000000	36.000000
0.000000	0.000000	8.000000	0.707107	0.707107	0.000000	10465180.5164657403	10465177.0525214132	-0.0589315104	0.000000	0.000000	0.000000	-1527430.608765	21189653.421121	267232.459519	-1527430.608765	21189653.421121	267232.459519	0.000000	0.000000	-0.000000	0.000000	-0.000000	0.000000	0.000000	0.000000	0.000000	-0.000000	-0.000000	0.000000	49.000000
0.000000	0.000000	9.000000	0.000000	0.000000	0.000000	-0.3839242451	118970.7103826774	0.6942630861	0.000000	0.000000	0.000000	786222.243410	220000000.000000	-226301.787735	-786222.243410	-220000000.000000	226301.787735	0.000000	0.000000	-0.000000	-0.000000	-0.000000	0.000000	0.000000	0.000000	-0.000000	0.013218	0.000000	0.013218	36.000000
0.000000	0.000000	10.000000	-0.707107	-0.707107	0.000000	-10465180.5164657403	-10465177.0525214132	-0.0589315104	-0.000000	-0.000000	0.000000	1527430.608765	-21189653.421121	267232.459545	1527430.608765	-21189653.421121	267232.459545	0.000000	0.000000	-0.000000	0.000000	0.000000	-0.000000	0.000000	-0.000000	-0.000000	0.000000	-0.000000	0.000000	49.000000
0.000000	0.000000	11.000000	0.707107	0.707107	0.000000	10465180.5164657403	10465177.0525214132	-0.0589315104	0.000000	0.000000	0.000000	-1527430.608765	21189653.421121	267232.459545	-1527430.608765	21189653.421121	267232.459545	0.000000	0.000000	-0.000000	0.000000	-0.000000	0.000000	0.000000	0.000000	0.000000	-0.000000	-0.000000	0.000000	36.000000
0.000000	0.000000	12.000000	0.000000	0.000000	0.000000	0.5609811208	-118968.7103826858	-0.5609806065	0.000000	0.000000	0.000000	-818142.967435	220000000.000000	0.000010	818142.967435	-220000000.000000	-0.000010	0.000000	0.000000	-0.000000	-0.000000	-0.000000	0.000000	0.000000	0.000000	0.000000	-0.013218	-0.000000	0.013218	49.000000
0.000000	0.000000	13.000000	-0.707107	-0.707107	0.000000	-10465180.5164657403	-10465177.0525214132	-0.0589315104	-0.000000	-0.000000	0.000000	1527430.608765	-21189653.421121	267232.459519	1527430.608765	-21189653.421121	267232.459519	0.000000	0.000000	-0.000000	0.000000	0.000000	-0.000000	0.000000	-0.000000	-0.000000	0.000000	-0.000000	0.000000	36.000000
0.000000	0.000000	14.000000	0.707107	0.707107	0.000000	10465180.5164657403	10465177.0525214132	-0.0589315104	0.000000	0.000000	0.000000	-1527430.608765	21189653.421121	267232.459519	-1527430.608765	21189653.421121	267232.459519	0.000000	0.000000	-0.000000	0.000000	-0.000000	0.000000	0.000000	0.000000	0.000000	-0.000000	-0.000000	0.000000	49.000000
0.000000	0.000000	15.000000	0.000000	0.000000	0.000000	-0.3839242451	118970.7103826774	0.6942630861	0.000000	0.000000	0.000000	786222.243410	220000000.000000	-226301.787735	-786222.243410	-220000000.000000	226301.787735	0.000000	0.000000	-0.000000	-0.000000	-0.000000	0.000000	0.000000	0.000000	-0.000000	0.013218	0.000000	0.013218	36.000000
0.000000	0.000000	16.000000	-0.707107	-0.707107	0.000000	-10465180.5164657403	-10465177.0525214132	-0.0589315104	-0.000000	-0.000000	0.000000	1527430.608765	-21189653.421121	267232.459545	1527430.608765	-21189653.421121	267232.459545	0.000000	0.000000	-0.000000	0.000000	0.000000	-0.000000	0.000000	-0.000000	-0.000000	0.000000	-0.000000	0.000000	49.000000
0.000000	0.000000	17.000000	0.707107	0.707107	0.000000	10465180.5164657403	10465177.0525214132	-0.0589315104	0.000000	0.000000	0.000000	-1527430.608765	21189653.421121	267232.459545	-1527430.608765	21189653.421121	267232.459545	0.000000	0.000000	-0.000000	0.000000	-0.000000	0.000000	0.000000	0.000000	0.000000	-0.000000	-0.000000	0.000000	36.000000
0.000000	0.000000	18.000000	0.000000	0.000000	0.000000	0.5609811208	-118968.7103826858	-0.5609806065	0.000000	0.000000	0.000000	-818142.967435	220000000.000000	0.000010	818142.967435	-220000000.000000	-0.000010	0.000000	0.000000	-0.000000	-0.000000	-0.000000	0.000000	0.000000	0.000000	0.000000	-0.013218	-0.000000	0.013218	49.000000
0.000000	0.000000	19.000000	-0.707107	-0.707107	0.000000	-10465180.5164657403	-10465177.0525214132	-0.0589315104	-0.000000	-0.000000	0.000000	1527430.608765	-21189653.421121	267232.459519	1527430.608765	-21189653.421121	267232.459519	0.000000	0.000000	-0.000000	0.000000	0.000000	-0.000000	0.000000	-0.000000	-0.000000	0.000000	-0.000000	0.000000	36.000000
0.000000	0.000000	20.000000	0.707107	0.707107	0.000000	10465180.5164657403	10465177.0525214132	-0.0589315104	0.000000	0.000000	0.000000	-1527430.608765	21189653.421121	267232.459519	-1527430.608765	21189653.421121	267232.459519	0.000000	0.000000	-0.000000	0.000000	-0.000000	0.000000	0.000000	0.000000	0.000000	-0.000000	-0.000000	0.000000	49.000000
0.000000	0.000000	21.000000	0.000000	0.000000	0.000000	-0.3839242451	118970.7103826774	0.6942630861	0.000000	0.000000	0.000000	786222.243410	220000000.000000	-226301.787735	-786222.243410	-220000000.000000	226301.787735	0.000000	0.000000	-0.000000	-0.000000	-0.000000	0.000000	0.000000	0.000000	-0.000000	0.013218	0.000000	0.013218	36.000000
0.000000	0.000000	22.000000	-0.707107	-0.707107	0.000000	-10465180.5164657403	-10465177.0525214132	-0.0589315104	-0.000000	-0.000000	0.000000	1527430.608765	-21189653.421121	267232.459545	1527430.608765	-21189653.421121	267232.459545	0.000000	0.000000	-0.000000	0.000000	0.000000	-0.000000	0.000000	-0.000000	-0.000000	0.000000	-0.000000	0.000000	49.000000
0.000000	0.000000	23.000000	0.707107	0.707107	0.000000	10465180.5164657403	10465177.0525214132	-0.0589315104	0.000000	0.000000	0.000000	-1527430.608765	21189653.421121	267232.459545	-1527430.608765	21189653.421121	267232.459545	0.000000	0.000000	-0.000000	0.000000	-0.000000	0.000000	0.000000	0.000000	0.000000	-0.000000	-0.000000	0.000000	36.000000
0.000000	0.000000	24.000000	0.000000	0.000000	0.000000	0.5609811208	-118968.7103826858	-0.5609806065	0.000000	0.000000	0.000000	-818142.967435	220000000.000000	0.000010	818142.967435	-220000000.000000	-0.000010	0.000000	0.000000	-0.000000	-0.000000	-0.000000	0.000000	0.000000	0.000000	0.000000	-0.013218	-0.000000	0.013218	49.000000
0.000000	0.000000	25.000000	-0.707107	-0.707107	0.000000	-10465180.5164657403	-10465177.0525214132	-0.0589315104	-0.000000	-0.000000	0.000000	1527430.608765	-21189653.421121	267232.459519	1527430.608765	-21189653.421121	267232.459519	0.000000	0.000000	-0.000000	0.000000	0.000000	-0.000000	0.000000	-0.000000	-0.000000	0.000000	-0.000000	0.000000	36.000000
0.000000	0.000000	26.000000	0.707107	0.707107	0.000000	10465180.5164657403	10465177.0525214132	-0.0589315104	0.000000	0.000000	0.000000	-1527430.608765	21189653.421121	267232.459519	-1527430.608765	21189653.421121	267232.459519	0.000000	0.000000	-0.000000	0.000000	-0.000000	0.000000	0.000000	0.000000	0.000000	-0.000000	-0.000000	0.000000	49.000000
0.000000	0.000000	27.000000	0.000000	0.000000	0.000000	-0.3839242451	118970.7103826774	0.6942630861	0.000000	0.000000	0.000000	786222.243410	220000000.000000	-226301.787735	-786222.243410	-220000000.000000	226301.787735	0.000000	0.000000	-0.000000	-0.000000	-0.000000	0.000000	0.000000	0.000000	-0.000000	0.013218	0.000000	0.013218	36.000000
0.000000	0.000000	28.000000	-0.707107	-0.707107	0.000000	-10465180.4647848494	-10465177.7663812079	-0.0498522456	-0.000000	-0.000000	0.000000	1081242.210120	-16615578.744903	234039.069305	1081242.210120	-16615578.744903	234039.069305	0.000000	0.000000	-0.000000	0.000000	0.000000	-0.000000	0.000000	-0.000000	-0.000000	0.000000	-0.000000	0.000000	49.000000
0.000000	0.000000	29.000000	0.707107	0.707107	0.000000	10465180.4132417925	10465179.6477011070	-0.0090792648	0.000000	0.000000	0.000000	-446188.400233	4574074.677806	33193.390261	-446188.400233	4574074.677806	33193.390261	0.000000	0.000000	-0.000000	0.000000	-0.000000	0.000000	0.000000	0.000000	0.000000	-0.000000	-0.000000	0.000000	36.000000
